1602664911 0
1606029342 211439
1606029725 211439
1606030114 211492
1606030438 211492
1606168254 211679
1606169278 211688
1606169383 211777
1606596132 211784
1607020724 212070
1607100258 212088
1607181409 212189
1607181822 212546
1607182123 212849
1607201225 212914
1607201841 212922
1607202010 213156
1607248053 213103
1607258751 213103
1607258844 213103
1607258998 213103
1607263180 213103
1607268281 213103
1607276751 213118
1607276801 213282
1607282030 213282
1607288380 213282
1607288437 213283
1607288612 213295
1607326383 213386
1607326934 213396
1607329587 213443
1607342818 213453
1607343433 213457
1607344494 213574
1607346491 213574
1607346552 213581
1607346689 213582
1607347195 213583
1607348072 213584
1607350180 213643
1607350278 213643
1607352328 213653
1607364753 213656
1607366574 213656
1607368870 213656
1607368965 213659
1607371909 213659
